57
23
5
4 10
6 7
3 5
2 4
9 12
14
4
4 5
5 3
6 7
7 6
29
6
9 10
3 4
6 5
7 20
10 9
15 11
0
0
0
2
2 0
3 0
12
4
3 6
4 5
4 6
4 7
10
3
1 11
2 20
3 24
393
38
393 938
848 810
626 294
836 54
112 494
586 590
445 297
81 497
859 178
405 749
375 402
104 453
102 508
821 526
230 343
671 574
320 226
389 229
557 122
288 89
727 343
488 21
529 264
76 409
409 972
673 472
557 388
742 429
12 181
581 776
55 793
803 552
143 552
164 121
401 923
761 416
639 538
99 468
896
70
393 938
848 810
626 294
836 54
112 494
586 590
445 297
81 497
859 178
405 749
375 402
104 453
102 508
821 526
230 343
671 574
320 226
389 229
557 122
288 89
727 343
488 21
529 264
76 409
409 972
673 472
557 388
742 429
12 181
581 776
55 793
803 552
143 552
164 121
401 923
761 416
639 538
99 468
896 70
813 880
164 673
749 582
688 565
683 174
201 123
685 695
383 749
690 77
151 246
309 804
694 208
677 492
370 709
643 453
179 778
899 581
299 946
903 992
921 975
144 767
460 918
110 316
846 347
882 293
407 538
698 319
436 705
277 948
752 858
80 752
705
65
393 938
848 810
626 294
836 54
112 494
586 590
445 297
81 497
859 178
405 749
375 402
104 453
102 508
821 526
230 343
671 574
320 226
389 229
557 122
288 89
727 343
488 21
529 264
76 409
409 972
673 472
557 388
742 429
12 181
581 776
55 793
803 552
143 552
164 121
401 923
761 416
639 538
99 468
896 70
813 880
164 673
749 582
688 565
683 174
201 123
685 695
383 749
690 77
151 246
309 804
694 208
677 492
370 709
643 453
179 778
899 581
299 946
903 992
921 975
144 767
460 918
110 316
846 347
882 293
407 538
698
19
393 938
848 810
626 294
836 54
112 494
586 590
445 297
81 497
859 178
405 749
375 402
104 453
102 508
821 526
230 343
671 574
320 226
389 229
557 122
288
89
393 938
848 810
626 294
836 54
112 494
586 590
445 297
81 497
859 178
405 749
375 402
104 453
102 508
821 526
230 343
671 574
320 226
389 229
557 122
288 89
727 343
488 21
529 264
76 409
409 972
673 472
557 388
742 429
12 181
581 776
55 793
803 552
143 552
164 121
401 923
761 416
639 538
99 468
896 70
813 880
164 673
749 582
688 565
683 174
201 123
685 695
383 749
690 77
151 246
309 804
694 208
677 492
370 709
643 453
179 778
899 581
299 946
903 992
921 975
144 767
460 918
110 316
846 347
882 293
407 538
698 319
436 705
277 948
752 858
80 752
705 365
760 825
838 517
840 405
800 265
693 625
126 214
568 463
701 939
516 447
287 654
705 33
788 357
225 825
623 816
873 701
963 557
474 331
45 947
840
18
393 938
848 810
626 294
836 54
112 494
586 590
445 297
81 497
859 178
405 749
375 402
104 453
102 508
821 526
230 343
671 574
320 226
389 229
557
22
393 938
848 810
626 294
836 54
112 494
586 590
445 297
81 497
859 178
405 749
375 402
104 453
102 508
821 526
230 343
671 574
320 226
389 229
557 122
288 89
727 343
488 21
529
64
393 938
848 810
626 294
836 54
112 494
586 590
445 297
81 497
859 178
405 749
375 402
104 453
102 508
821 526
230 343
671 574
320 226
389 229
557 122
288 89
727 343
488 21
529 264
76 409
409 972
673 472
557 388
742 429
12 181
581 776
55 793
803 552
143 552
164 121
401 923
761 416
639 538
99 468
896 70
813 880
164 673
749 582
688 565
683 174
201 123
685 695
383 749
690 77
151 246
309 804
694 208
677 492
370 709
643 453
179 778
899 581
299 946
903 992
921 975
144 767
460 918
110 316
846 347
882 293
407
38
393 938
848 810
626 294
836 54
112 494
586 590
445 297
81 497
859 178
405 749
375 402
104 453
102 508
821 526
230 343
671 574
320 226
389 229
557 122
288 89
727 343
488 21
529 264
76 409
409 972
673 472
557 388
742 429
12 181
581 776
55 793
803 552
143 552
164 121
401 923
761 416
639 538
99 468
896
70
393 938
848 810
626 294
836 54
112 494
586 590
445 297
81 497
859 178
405 749
375 402
104 453
102 508
821 526
230 343
671 574
320 226
389 229
557 122
288 89
727 343
488 21
529 264
76 409
409 972
673 472
557 388
742 429
12 181
581 776
55 793
803 552
143 552
164 121
401 923
761 416
639 538
99 468
896 70
813 880
164 673
749 582
688 565
683 174
201 123
685 695
383 749
690 77
151 246
309 804
694 208
677 492
370 709
643 453
179 778
899 581
299 946
903 992
921 975
144 767
460 918
110 316
846 347
882 293
407 538
698 319
436 705
277 948
752 858
80 752
705
65
393 938
848 810
626 294
836 54
112 494
586 590
445 297
81 497
859 178
405 749
375 402
104 453
102 508
821 526
230 343
671 574
320 226
389 229
557 122
288 89
727 343
488 21
529 264
76 409
409 972
673 472
557 388
742 429
12 181
581 776
55 793
803 552
143 552
164 121
401 923
761 416
639 538
99 468
896 70
813 880
164 673
749 582
688 565
683 174
201 123
685 695
383 749
690 77
151 246
309 804
694 208
677 492
370 709
643 453
179 778
899 581
299 946
903 992
921 975
144 767
460 918
110 316
846 347
882 293
407 538
698
19
393 938
848 810
626 294
836 54
112 494
586 590
445 297
81 497
859 178
405 749
375 402
104 453
102 508
821 526
230 343
671 574
320 226
389 229
557 122
288
89
393 938
848 810
626 294
836 54
112 494
586 590
445 297
81 497
859 178
405 749
375 402
104 453
102 508
821 526
230 343
671 574
320 226
389 229
557 122
288 89
727 343
488 21
529 264
76 409
409 972
673 472
557 388
742 429
12 181
581 776
55 793
803 552
143 552
164 121
401 923
761 416
639 538
99 468
896 70
813 880
164 673
749 582
688 565
683 174
201 123
685 695
383 749
690 77
151 246
309 804
694 208
677 492
370 709
643 453
179 778
899 581
299 946
903 992
921 975
144 767
460 918
110 316
846 347
882 293
407 538
698 319
436 705
277 948
752 858
80 752
705 365
760 825
838 517
840 405
800 265
693 625
126 214
568 463
701 939
516 447
287 654
705 33
788 357
225 825
623 816
873 701
963 557
474 331
45 947
840
18
393 938
848 810
626 294
836 54
112 494
586 590
445 297
81 497
859 178
405 749
375 402
104 453
102 508
821 526
230 343
671 574
320 226
389 229
557
22
393 938
848 810
626 294
836 54
112 494
586 590
445 297
81 497
859 178
405 749
375 402
104 453
102 508
821 526
230 343
671 574
320 226
389 229
557 122
288 89
727 343
488 21
529
64
393 938
848 810
626 294
836 54
112 494
586 590
445 297
81 497
859 178
405 749
375 402
104 453
102 508
821 526
230 343
671 574
320 226
389 229
557 122
288 89
727 343
488 21
529 264
76 409
409 972
673 472
557 388
742 429
12 181
581 776
55 793
803 552
143 552
164 121
401 923
761 416
639 538
99 468
896 70
813 880
164 673
749 582
688 565
683 174
201 123
685 695
383 749
690 77
151 246
309 804
694 208
677 492
370 709
643 453
179 778
899 581
299 946
903 992
921 975
144 767
460 918
110 316
846 347
882 293
407
38
393 938
848 810
626 294
836 54
112 494
586 590
445 297
81 497
859 178
405 749
375 402
104 453
102 508
821 526
230 343
671 574
320 226
389 229
557 122
288 89
727 343
488 21
529 264
76 409
409 972
673 472
557 388
742 429
12 181
581 776
55 793
803 552
143 552
164 121
401 923
761 416
639 538
99 468
896
70
393 938
848 810
626 294
836 54
112 494
586 590
445 297
81 497
859 178
405 749
375 402
104 453
102 508
821 526
230 343
671 574
320 226
389 229
557 122
288 89
727 343
488 21
529 264
76 409
409 972
673 472
557 388
742 429
12 181
581 776
55 793
803 552
143 552
164 121
401 923
761 416
639 538
99 468
896 70
813 880
164 673
749 582
688 565
683 174
201 123
685 695
383 749
690 77
151 246
309 804
694 208
677 492
370 709
643 453
179 778
899 581
299 946
903 992
921 975
144 767
460 918
110 316
846 347
882 293
407 538
698 319
436 705
277 948
752 858
80 752
705
65
393 938
848 810
626 294
836 54
112 494
586 590
445 297
81 497
859 178
405 749
375 402
104 453
102 508
821 526
230 343
671 574
320 226
389 229
557 122
288 89
727 343
488 21
529 264
76 409
409 972
673 472
557 388
742 429
12 181
581 776
55 793
803 552
143 552
164 121
401 923
761 416
639 538
99 468
896 70
813 880
164 673
749 582
688 565
683 174
201 123
685 695
383 749
690 77
151 246
309 804
694 208
677 492
370 709
643 453
179 778
899 581
299 946
903 992
921 975
144 767
460 918
110 316
846 347
882 293
407 538
698
19
393 938
848 810
626 294
836 54
112 494
586 590
445 297
81 497
859 178
405 749
375 402
104 453
102 508
821 526
230 343
671 574
320 226
389 229
557 122
288
89
393 938
848 810
626 294
836 54
112 494
586 590
445 297
81 497
859 178
405 749
375 402
104 453
102 508
821 526
230 343
671 574
320 226
389 229
557 122
288 89
727 343
488 21
529 264
76 409
409 972
673 472
557 388
742 429
12 181
581 776
55 793
803 552
143 552
164 121
401 923
761 416
639 538
99 468
896 70
813 880
164 673
749 582
688 565
683 174
201 123
685 695
383 749
690 77
151 246
309 804
694 208
677 492
370 709
643 453
179 778
899 581
299 946
903 992
921 975
144 767
460 918
110 316
846 347
882 293
407 538
698 319
436 705
277 948
752 858
80 752
705 365
760 825
838 517
840 405
800 265
693 625
126 214
568 463
701 939
516 447
287 654
705 33
788 357
225 825
623 816
873 701
963 557
474 331
45 947
840
18
393 938
848 810
626 294
836 54
112 494
586 590
445 297
81 497
859 178
405 749
375 402
104 453
102 508
821 526
230 343
671 574
320 226
389 229
557
22
393 938
848 810
626 294
836 54
112 494
586 590
445 297
81 497
859 178
405 749
375 402
104 453
102 508
821 526
230 343
671 574
320 226
389 229
557 122
288 89
727 343
488 21
529
64
393 938
848 810
626 294
836 54
112 494
586 590
445 297
81 497
859 178
405 749
375 402
104 453
102 508
821 526
230 343
671 574
320 226
389 229
557 122
288 89
727 343
488 21
529 264
76 409
409 972
673 472
557 388
742 429
12 181
581 776
55 793
803 552
143 552
164 121
401 923
761 416
639 538
99 468
896 70
813 880
164 673
749 582
688 565
683 174
201 123
685 695
383 749
690 77
151 246
309 804
694 208
677 492
370 709
643 453
179 778
899 581
299 946
903 992
921 975
144 767
460 918
110 316
846 347
882 293
407
38
393 938
848 810
626 294
836 54
112 494
586 590
445 297
81 497
859 178
405 749
375 402
104 453
102 508
821 526
230 343
671 574
320 226
389 229
557 122
288 89
727 343
488 21
529 264
76 409
409 972
673 472
557 388
742 429
12 181
581 776
55 793
803 552
143 552
164 121
401 923
761 416
639 538
99 468
896
70
393 938
848 810
626 294
836 54
112 494
586 590
445 297
81 497
859 178
405 749
375 402
104 453
102 508
821 526
230 343
671 574
320 226
389 229
557 122
288 89
727 343
488 21
529 264
76 409
409 972
673 472
557 388
742 429
12 181
581 776
55 793
803 552
143 552
164 121
401 923
761 416
639 538
99 468
896 70
813 880
164 673
749 582
688 565
683 174
201 123
685 695
383 749
690 77
151 246
309 804
694 208
677 492
370 709
643 453
179 778
899 581
299 946
903 992
921 975
144 767
460 918
110 316
846 347
882 293
407 538
698 319
436 705
277 948
752 858
80 752
705
65
393 938
848 810
626 294
836 54
112 494
586 590
445 297
81 497
859 178
405 749
375 402
104 453
102 508
821 526
230 343
671 574
320 226
389 229
557 122
288 89
727 343
488 21
529 264
76 409
409 972
673 472
557 388
742 429
12 181
581 776
55 793
803 552
143 552
164 121
401 923
761 416
639 538
99 468
896 70
813 880
164 673
749 582
688 565
683 174
201 123
685 695
383 749
690 77
151 246
309 804
694 208
677 492
370 709
643 453
179 778
899 581
299 946
903 992
921 975
144 767
460 918
110 316
846 347
882 293
407 538
698
19
393 938
848 810
626 294
836 54
112 494
586 590
445 297
81 497
859 178
405 749
375 402
104 453
102 508
821 526
230 343
671 574
320 226
389 229
557 122
288
89
393 938
848 810
626 294
836 54
112 494
586 590
445 297
81 497
859 178
405 749
375 402
104 453
102 508
821 526
230 343
671 574
320 226
389 229
557 122
288 89
727 343
488 21
529 264
76 409
409 972
673 472
557 388
742 429
12 181
581 776
55 793
803 552
143 552
164 121
401 923
761 416
639 538
99 468
896 70
813 880
164 673
749 582
688 565
683 174
201 123
685 695
383 749
690 77
151 246
309 804
694 208
677 492
370 709
643 453
179 778
899 581
299 946
903 992
921 975
144 767
460 918
110 316
846 347
882 293
407 538
698 319
436 705
277 948
752 858
80 752
705 365
760 825
838 517
840 405
800 265
693 625
126 214
568 463
701 939
516 447
287 654
705 33
788 357
225 825
623 816
873 701
963 557
474 331
45 947
840
18
393 938
848 810
626 294
836 54
112 494
586 590
445 297
81 497
859 178
405 749
375 402
104 453
102 508
821 526
230 343
671 574
320 226
389 229
557
22
393 938
848 810
626 294
836 54
112 494
586 590
445 297
81 497
859 178
405 749
375 402
104 453
102 508
821 526
230 343
671 574
320 226
389 229
557 122
288 89
727 343
488 21
529
64
393 938
848 810
626 294
836 54
112 494
586 590
445 297
81 497
859 178
405 749
375 402
104 453
102 508
821 526
230 343
671 574
320 226
389 229
557 122
288 89
727 343
488 21
529 264
76 409
409 972
673 472
557 388
742 429
12 181
581 776
55 793
803 552
143 552
164 121
401 923
761 416
639 538
99 468
896 70
813 880
164 673
749 582
688 565
683 174
201 123
685 695
383 749
690 77
151 246
309 804
694 208
677 492
370 709
643 453
179 778
899 581
299 946
903 992
921 975
144 767
460 918
110 316
846 347
882 293
407
38
393 938
848 810
626 294
836 54
112 494
586 590
445 297
81 497
859 178
405 749
375 402
104 453
102 508
821 526
230 343
671 574
320 226
389 229
557 122
288 89
727 343
488 21
529 264
76 409
409 972
673 472
557 388
742 429
12 181
581 776
55 793
803 552
143 552
164 121
401 923
761 416
639 538
99 468
896
70
393 938
848 810
626 294
836 54
112 494
586 590
445 297
81 497
859 178
405 749
375 402
104 453
102 508
821 526
230 343
671 574
320 226
389 229
557 122
288 89
727 343
488 21
529 264
76 409
409 972
673 472
557 388
742 429
12 181
581 776
55 793
803 552
143 552
164 121
401 923
761 416
639 538
99 468
896 70
813 880
164 673
749 582
688 565
683 174
201 123
685 695
383 749
690 77
151 246
309 804
694 208
677 492
370 709
643 453
179 778
899 581
299 946
903 992
921 975
144 767
460 918
110 316
846 347
882 293
407 538
698 319
436 705
277 948
752 858
80 752
705
65
393 938
848 810
626 294
836 54
112 494
586 590
445 297
81 497
859 178
405 749
375 402
104 453
102 508
821 526
230 343
671 574
320 226
389 229
557 122
288 89
727 343
488 21
529 264
76 409
409 972
673 472
557 388
742 429
12 181
581 776
55 793
803 552
143 552
164 121
401 923
761 416
639 538
99 468
896 70
813 880
164 673
749 582
688 565
683 174
201 123
685 695
383 749
690 77
151 246
309 804
694 208
677 492
370 709
643 453
179 778
899 581
299 946
903 992
921 975
144 767
460 918
110 316
846 347
882 293
407 538
698
19
393 938
848 810
626 294
836 54
112 494
586 590
445 297
81 497
859 178
405 749
375 402
104 453
102 508
821 526
230 343
671 574
320 226
389 229
557 122
288
89
393 938
848 810
626 294
836 54
112 494
586 590
445 297
81 497
859 178
405 749
375 402
104 453
102 508
821 526
230 343
671 574
320 226
389 229
557 122
288 89
727 343
488 21
529 264
76 409
409 972
673 472
557 388
742 429
12 181
581 776
55 793
803 552
143 552
164 121
401 923
761 416
639 538
99 468
896 70
813 880
164 673
749 582
688 565
683 174
201 123
685 695
383 749
690 77
151 246
309 804
694 208
677 492
370 709
643 453
179 778
899 581
299 946
903 992
921 975
144 767
460 918
110 316
846 347
882 293
407 538
698 319
436 705
277 948
752 858
80 752
705 365
760 825
838 517
840 405
800 265
693 625
126 214
568 463
701 939
516 447
287 654
705 33
788 357
225 825
623 816
873 701
963 557
474 331
45 947
840
18
393 938
848 810
626 294
836 54
112 494
586 590
445 297
81 497
859 178
405 749
375 402
104 453
102 508
821 526
230 343
671 574
320 226
389 229
557
22
393 938
848 810
626 294
836 54
112 494
586 590
445 297
81 497
859 178
405 749
375 402
104 453
102 508
821 526
230 343
671 574
320 226
389 229
557 122
288 89
727 343
488 21
529
64
393 938
848 810
626 294
836 54
112 494
586 590
445 297
81 497
859 178
405 749
375 402
104 453
102 508
821 526
230 343
671 574
320 226
389 229
557 122
288 89
727 343
488 21
529 264
76 409
409 972
673 472
557 388
742 429
12 181
581 776
55 793
803 552
143 552
164 121
401 923
761 416
639 538
99 468
896 70
813 880
164 673
749 582
688 565
683 174
201 123
685 695
383 749
690 77
151 246
309 804
694 208
677 492
370 709
643 453
179 778
899 581
299 946
903 992
921 975
144 767
460 918
110 316
846 347
882 293
407
38
393 938
848 810
626 294
836 54
112 494
586 590
445 297
81 497
859 178
405 749
375 402
104 453
102 508
821 526
230 343
671 574
320 226
389 229
557 122
288 89
727 343
488 21
529 264
76 409
409 972
673 472
557 388
742 429
12 181
581 776
55 793
803 552
143 552
164 121
401 923
761 416
639 538
99 468
896
70
393 938
848 810
626 294
836 54
112 494
586 590
445 297
81 497
859 178
405 749
375 402
104 453
102 508
821 526
230 343
671 574
320 226
389 229
557 122
288 89
727 343
488 21
529 264
76 409
409 972
673 472
557 388
742 429
12 181
581 776
55 793
803 552
143 552
164 121
401 923
761 416
639 538
99 468
896 70
813 880
164 673
749 582
688 565
683 174
201 123
685 695
383 749
690 77
151 246
309 804
694 208
677 492
370 709
643 453
179 778
899 581
299 946
903 992
921 975
144 767
460 918
110 316
846 347
882 293
407 538
698 319
436 705
277 948
752 858
80 752
705
65
393 938
848 810
626 294
836 54
112 494
586 590
445 297
81 497
859 178
405 749
375 402
104 453
102 508
821 526
230 343
671 574
320 226
389 229
557 122
288 89
727 343
488 21
529 264
76 409
409 972
673 472
557 388
742 429
12 181
581 776
55 793
803 552
143 552
164 121
401 923
761 416
639 538
99 468
896 70
813 880
164 673
749 582
688 565
683 174
201 123
685 695
383 749
690 77
151 246
309 804
694 208
677 492
370 709
643 453
179 778
899 581
299 946
903 992
921 975
144 767
460 918
110 316
846 347
882 293
407 538
698
19
393 938
848 810
626 294
836 54
112 494
586 590
445 297
81 497
859 178
405 749
375 402
104 453
102 508
821 526
230 343
671 574
320 226
389 229
557 122
288
89
393 938
848 810
626 294
836 54
112 494
586 590
445 297
81 497
859 178
405 749
375 402
104 453
102 508
821 526
230 343
671 574
320 226
389 229
557 122
288 89
727 343
488 21
529 264
76 409
409 972
673 472
557 388
742 429
12 181
581 776
55 793
803 552
143 552
164 121
401 923
761 416
639 538
99 468
896 70
813 880
164 673
749 582
688 565
683 174
201 123
685 695
383 749
690 77
151 246
309 804
694 208
677 492
370 709
643 453
179 778
899 581
299 946
903 992
921 975
144 767
460 918
110 316
846 347
882 293
407 538
698 319
436 705
277 948
752 858
80 752
705 365
760 825
838 517
840 405
800 265
693 625
126 214
568 463
701 939
516 447
287 654
705 33
788 357
225 825
623 816
873 701
963 557
474 331
45 947
840
18
393 938
848 810
626 294
836 54
112 494
586 590
445 297
81 497
859 178
405 749
375 402
104 453
102 508
821 526
230 343
671 574
320 226
389 229
557
22
393 938
848 810
626 294
836 54
112 494
586 590
445 297
81 497
859 178
405 749
375 402
104 453
102 508
821 526
230 343
671 574
320 226
389 229
557 122
288 89
727 343
488 21
529
64
393 938
848 810
626 294
836 54
112 494
586 590
445 297
81 497
859 178
405 749
375 402
104 453
102 508
821 526
230 343
671 574
320 226
389 229
557 122
288 89
727 343
488 21
529 264
76 409
409 972
673 472
557 388
742 429
12 181
581 776
55 793
803 552
143 552
164 121
401 923
761 416
639 538
99 468
896 70
813 880
164 673
749 582
688 565
683 174
201 123
685 695
383 749
690 77
151 246
309 804
694 208
677 492
370 709
643 453
179 778
899 581
299 946
903 992
921 975
144 767
460 918
110 316
846 347
882 293
407
38
393 938
848 810
626 294
836 54
112 494
586 590
445 297
81 497
859 178
405 749
375 402
104 453
102 508
821 526
230 343
671 574
320 226
389 229
557 122
288 89
727 343
488 21
529 264
76 409
409 972
673 472
557 388
742 429
12 181
581 776
55 793
803 552
143 552
164 121
401 923
761 416
639 538
99 468
896
70
393 938
848 810
626 294
836 54
112 494
586 590
445 297
81 497
859 178
405 749
375 402
104 453
102 508
821 526
230 343
671 574
320 226
389 229
557 122
288 89
727 343
488 21
529 264
76 409
409 972
673 472
557 388
742 429
12 181
581 776
55 793
803 552
143 552
164 121
401 923
761 416
639 538
99 468
896 70
813 880
164 673
749 582
688 565
683 174
201 123
685 695
383 749
690 77
151 246
309 804
694 208
677 492
370 709
643 453
179 778
899 581
299 946
903 992
921 975
144 767
460 918
110 316
846 347
882 293
407 538
698 319
436 705
277 948
752 858
80 752
