度度熊的01世界

时间限制: 1000ms   内存限制: 128M

描述

度度熊是一个喜欢计算机的孩子，在计算机的世界中，实际上只有0和1组成。

现在给你一个n*m的图像，你需要分别他究竟是0，还是1，或者两者均不是。

图像0的定义：存在1字符且1字符只能是一个连通块组成，存在且仅存在一个由0字符组成的连通块完全被1所包围。

图像1的定义：存在1字符且1字符只能是一个连通块组成，不存在任何0字符组成的连通块被1所完全包围。

输入：

本题包含若干组测试数据。
每组测试数据包含：
第一行两个整数n,m表示图像的长与宽。
接下来n行m列将会是只有01组成的字符画。

满足1<=n,m<=100

输出:

如果这个图是1的话，输出1；如果是0的话，输出0，都不是输出-1。

样例输入1 
32 32
00000000000000000000000000000000
00000000000111111110000000000000
00000000001111111111100000000000
00000000001111111111110000000000
00000000011111111111111000000000
00000000011111100011111000000000
00000000111110000001111000000000
00000000111110000001111100000000
00000000111110000000111110000000
00000001111110000000111110000000
00000001111110000000011111000000
00000001111110000000001111000000
00000001111110000000001111100000
00000001111100000000001111000000
00000001111000000000001111000000
00000001111000000000001111000000
00000001111000000000000111000000
00000000111100000000000111000000
00000000111100000000000111000000
00000000111100000000000111000000
00000001111000000000011110000000
00000001111000000000011110000000
00000000111000000000011110000000
00000000111110000011111110000000
00000000111110001111111100000000
00000000111111111111111000000000
00000000011111111111111000000000
00000000111111111111100000000000
00000000011111111111000000000000
00000000001111111000000000000000
00000000001111100000000000000000
00000000000000000000000000000000
32 32
00000000000000000000000000000000
00000000000000001111110000000000
00000000000000001111111000000000
00000000000000011111111000000000
00000000000000111111111000000000
00000000000000011111111000000000
00000000000000011111111000000000
00000000000000111111110000000000
00000000000000111111100000000000
00000000000001111111100000000000
00000000000001111111110000000000
00000000000001111111110000000000
00000000000001111111100000000000
00000000000011111110000000000000
00000000011111111110000000000000
00000001111111111111000000000000
00000011111111111111000000000000
00000011111111111111000000000000
00000011111111111110000000000000
00000000001111111111000000000000
00000000000000111111000000000000
00000000000001111111000000000000
00000000000111111110000000000000
00000000000011111111000000000000
00000000000011111111000000000000
00000000000011111111100000000000
00000000000011111111100000000000
00000000000000111111110000000000
00000000000000001111111111000000
00000000000000001111111111000000
00000000000000000111111111000000
00000000000000000000000000000000
3 5
00000
01010
00000
样例输出1
0
1
-1